0,0
2,0,0,0,0,0,0,0,0,0,0,0,0,-2194.308,-388.276,13.47,16.740756988525,550,1,-2196.001953125,-421.03961181641,17.475967407227,9.6356735229492,1
3,0,0,0,0,0,0,0,0,0,0,0,0,-1308.911,-931.208,13.359,16.740756988525,70,1,-1304.2725830078,-921.53576660156,16.785820007324,160.0531463623,1
4,0,0,0,0,0,0,0,0,0,0,0,0,-988.833,-1575.737,5.231,16.740756988525,50,4,-915.42846679688,-1580.7216796875,17.769908905029,72.668663024902,2
5,0,0,0,0,0,0,0,0,0,0,0,0,-1182.967,-1556.823,5.038,16.740756988525,80,3,-1184.5726318359,-1572.12890625,14.176626205444,345.8005065918,2
6,0,0,0,0,0,0,0,0,0,0,0,0,-1342.782,-1076.393,6.939,16.740756988525,1550,2,-1362.3631591797,-1127.0716552734,21.392923355103,350.96008300781,1
7,0,0,0,0,0,0,0,0,0,0,0,0,-1014.465,-1514.411,6.517,16.740756988525,80,3,-958.72351074219,-1502.2630615234,12.304236412048,96.140251159668,2
8,0,0,0,0,0,0,0,0,0,0,0,0,-969.335,-1431.057,7.764,16.740756988525,80,3,-900.21649169922,-1357.7850341797,19.593948364258,151.31893920898,2
9,0,0,0,0,0,0,0,0,0,0,0,0,-822.091,-1223.6,7.365,16.740756988525,1200,2,-689.46734619141,-1201.1041259766,37.534427642822,97.944999694824,1
10,0,0,0,0,0,0,0,0,0,0,0,0,-728.485,-880.107,22.711,16.740756988525,120,4,-743.16650390625,-843.03564453125,34.363357543945,212.66691589355,2
11,0,0,0,0,0,0,0,0,0,0,0,0,-875.019,-2179.978,9.809,16.740756988525,1800,14,-997.28668212891,-2156.5856933594,67.879608154297,268.49234008789,1
12,0,0,0,0,0,0,0,0,0,0,0,0,-737.743,-2274.54,13.437,16.740756988525,1500,14,-860.78961181641,-2351.5788574219,56.248416900635,298.93350219727,1
13,0,0,0,0,0,0,0,0,0,0,0,0,-69.26,-1526.779,34.235,16.740756988525,40,4,-113.28723144531,-1517.9987792969,41.444793701172,261.82897949219
14,0,0,0,0,0,0,0,0,0,0,0,0,372.191,-1791.46,29.095,16.740756988525,170,1,355.08563232422,-1799.9127197266,32.397724151611,260.630859375,1
15,0,0,0,0,0,0,0,0,0,0,0,0,561.689,-1774.355,33.443,16.740756988525,285,1,589.37078857422,-1753.7926025391,34.5348777771,102.40978240967,1
16,0,0,0,0,0,0,0,0,0,0,0,0,435.71450805664,215.06147766113,103.16605377197,337.65612792969,2500,14,336.17276000977,132.87686157227,159.00914001465,302.2887878418,1
17,0,0,0,0,0,0,0,0,0,0,0,0,106.98572540283,54.696445465088,77.769584655762,247.14981079102,95,3,69.512367248535,31.125217437744,83.412300109863,295.00482177734,2
18,0,0,0,0,0,0,0,0,0,0,0,0,391.36395263672,3.2578566074371,91.93132019043,63.671298980713,150,3,354.37658691406,74.447540283203,135.36656188965,213.33442687988,2
19,0,0,0,0,0,0,0,0,0,0,0,0,328.91983032227,-68.89729309082,73.037803649902,168.40313720703,1200,2,229.80067443848,-127.62762451172,138.53036499023,306.85464477539,1
20,0,0,0,0,0,0,0,0,0,0,0,0,17.840244293213,318.94683837891,110.91898345947,91.281471252441,250,1,-4.4611105918884,369.22543334961,127.11449432373,194.71318054199,1
21,0,0,0,0,0,0,0,0,0,0,0,0,-72.256217956543,142.14944458008,81.495307922363,77.494720458984,1280,2,-123.45003509521,161.33447265625,116.46212768555,261.66851806641,1
22,0,0,0,0,0,0,0,0,0,0,0,0,66.323944091797,-255.91584777832,52.353881835938,123.30829620361,285,1,63.001670837402,-229.06024169922,53.588199615479,199.99621582031,1
23,0,0,0,0,0,0,0,0,0,0,0,0,307.70330810547,-727.93682861328,29.316793441772,241.75,1000,1,357.3076171875,-667.71496582031,70.734985351563,124.97924804688,1
24,0,0,0,0,0,0,0,0,0,0,0,0,286.54522705078,-937.22918701172,29.467842102051,144.39189147949,1400,1,246.4772644043,-956.82666015625,29.302433013916,296.2008972168,1
25,0,0,0,0,0,0,0,0,0,0,0,0,-273.943359375,-883.806640625,31.241750717163,214.62785339355,3500,14,-232.29626464844,-1052.3269042969,27.266744613647,99.174385070801,1
26,0,0,0,0,0,0,0,0,0,0,0,0,57.467880249023,-1004.7907104492,29.357431411743,359.03179931641,400,2,41.411602020264,-969.98541259766,29.407648086548,205.88945007324,1
27,0,0,0,0,0,0,0,0,0,0,0,0,288.04669189453,-1094.8298339844,29.419662475586,91.308853149414,1400,2,323.7985534668,-1047.5621337891,29.263759613037,134.97959899902,1
28,0,0,0,0,0,0,0,0,0,0,0,0,-1356.611328125,-791.16937255859,20.242179870605,310.51248168945,80,4,-1377.1624755859,-847.82238769531,29.43395614624,335.50442504883,2
29,0,0,0,0,0,0,0,0,0,0,0,0,-1454.5185546875,-656.00653076172,33.381237030029,45.131774902344,500,1,-1505.3262939453,-704.96038818359,27.379346847534,336.83966064453,1
30,0,0,0,0,0,0,0,0,0,0,0,0,-1545.7017822266,-530.62066650391,36.148220062256,33.43384552002,5550,14,-1594.7696533203,-512.64611816406,35.388687133789,252.15191650391,1
31,0,0,0,0,0,0,0,0,0,0,0,0,-1660.6646728516,-533.94842529297,36.023990631104,138.85432434082,1540,2,-1626.3287353516,-615.32916259766,32.421375274658,15.869771003723,1
32,0,0,0,0,0,0,0,0,0,0,0,0,-1857.1146240234,-348.12091064453,49.837738037109,148.86190795898,5280,14,-1873.3569335938,-439.27850341797,46.367931365967,348.59582519531,1
33,0,0,0,0,0,0,0,0,0,0,0,0,-570.39379882813,-395.46960449219,35.037891387939,357.26895141602,200,1,-590.08898925781,-377.14315795898,34.846225738525,229.64892578125,1
34,0,0,0,0,0,0,0,0,0,0,0,0,340.90374755859,-214.79853820801,58.019241333008,103.72160339355,300,1,275.61227416992,-240.42242431641,54.048809051514,285.8727722168,1
35,0,0,0,0,0,0,0,0,0,0,0,0,-904.55102539063,588.05395507813,101.19079589844,124.93965911865,85,4,-907.19555664063,547.23931884766,103.9298324585,353.30892944336,2
36,0,0,0,0,0,0,0,0,0,0,0,0,-385.11584472656,159.71208190918,73.733001708984,150.53001403809,90,3,-414.32000732422,102.24530029297,77.248886108398,357.71038818359,2
37,0,0,0,0,0,0,0,0,0,0,0,0,-336.16714477539,30.917057037354,47.858982086182,88.831214904785,120,4,-399.84027099609,33.926322937012,48.275852203369,263.1630859375,2
38,0,0,0,0,0,0,0,0,0,0,0,0,-273.9186706543,28.600929260254,54.752494812012,251.64653015137,180,3,-245.83570861816,29.881273269653,56.653141021729,90.314331054688,2
39,0,0,0,0,0,0,0,0,0,0,0,0,-34.174911499023,347.9462890625,113.99765777588,167.380859375,180,4,-35.78832244873,337.41912841797,113.91797637939,350.55169677734,2
40,0,0,0,0,0,0,0,0,0,0,0,0,-1273.7852783203,315.96365356445,65.511772155762,149.59870910645,8250,14,-1245.1553955078,247.02830505371,64.278106689453,59.28657913208,1
41,0,0,0,0,0,0,0,0,0,0,0,0,-1886.5815429688,2050.2531738281,140.98083496094,192.25430297852,180,4,-1901.1721191406,2015.4498291016,141.05686950684,335.9192199707,2
42,0,0,0,0,0,0,0,0,0,0,0,0,-107.40759277344,6339.9702148438,35.500743865967,231.78079223633,380,1,-78.806663513184,6328.1875,31.490365982056,76.804878234863,1
43,0,0,0,0,0,0,0,0,0,0,0,0,1136.5635986328,2641.6394042969,38.143707275391,27.30855178833,275,1,1123.3548583984,2675.5356445313,38.383079528809,224.14576721191,1
44,0,0,0,0,0,0,0,0,0,0,0,0,1994.7740478516,3046.1611328125,47.215198516846,54.337783813477,120,1,1996.7211914063,3084.2788085938,47.078716278076,164.56314086914,1
