1,0,0,0,0,0,0,2200.8125,3318.0876464844,46.945693969727,117.28784179688,49500,0,11,2220.2897949219,3303.6506347656,49.994853973389,23.251819610596
2,0,0,0,0,0,0,-952.35943603516,-1077.5021972656,2.6772258281708,28.253629684448,495000,0,4,-982.54486083984,-1053.0965576172,11.007244110107,300.31373596191
3,0,0,0,0,0,0,1435.3907470703,3657.1955566406,34.405200958252,108.52089691162,75000,0,5,1442.8699951172,3666.7075195313,39.07922744751,74.44860839844
4,0,0,0,0,0,0,-1022.5735473633,-896.88433837891,5.4127054214478,211.37385559082,705000,0,6,-1013.7346191406,-927.47308349609,8.2108774185181,3.1813659667969
5,0,0,0,0,0,0,2153.0966796875,3360.3532714844,45.402545928955,24.193983078003,25750,0,10,2167.2490234375,3355.4279785156,47.827484130859,35.351470947266
6,0,0,0,0,0,0,-1090.4608154297,-926.64636230469,3.1047008037567,212.1895904541,595000,0,6,-1119.1971435547,-926.77618408203,10.367701530457,304.02557373047
7,0,0,0,0,0,0,-1037.1337890625,-1605.3999023438,4.9747915267944,222.46809387207,720000,0,7,-1011.959777832,-1617.4758300781,11.673084259033,29.117679595947
8,0,0,0,0,0,0,-1117.0482177734,-1505.7077636719,4.3962988853455,28.927146911621,645000,0,7,-1142.2587890625,-1493.4793701172,10.375087738037,300.02947998047
9,0,0,0,0,0,0,-1337.673828125,-1161.4385986328,4.5055766105652,110.89149475098,600000,0,7,-1356.8470458984,-1156.3032226563,10.910389900208,298.54351806641
10,0,0,0,0,0,0,1830.8414306641,3737.7463378906,33.961898803711,107.97627258301,125000,0,5,1842.8413085938,3732.7761230469,35.550430297852,39.700386047363
11,0,0,0,0,0,0,39.481651306152,-1911.35546875,21.953477859497,83.902862548828,195000,0,4,51.058280944824,-1910.3022460938,24.931642532349,53.96491241455
12,0,0,0,0,0,0,333.08139038086,-1741.0046386719,29.73052406311,318.06845092773,215000,0,13,334.98596191406,-1755.3868408203,32.872886657715,6.561699867249
13,0,0,0,0,0,0,-437.87545776367,6272.158203125,30.068267822266,145.21424865723,399500,0,6,-469.21697998047,6255.6791992188,33.211269378662,332.70550537109
14,0,0,0,0,0,0,401.65399169922,-1849.4552001953,27.31974029541,314.00439453125,295000,0,5,414.39733886719,-1869.1846923828,29.957944869995,9.301488876343
15,0,0,0,0,0,0,114.29601287842,-1961.1645507813,21.333984375,196.33277893066,180000,0,5,107.65300750732,-1953.1519775391,23.888135910034,287.44509887695
16,0,0,0,0,0,0,1289.4512939453,-1710.42578125,55.476684570313,19.81521987915,390000,0,4,1286.1423339844,-1723.3315429688,59.397666931152,349.79141235352
17,0,0,0,0,0,0,31.259983062744,6596.8798828125,32.822235107422,41.795986175537,292500,0,4,43.646369934082,6596.3159179688,34.665603637695,43.648971557617
18,0,0,0,0,0,0,1379.2691650391,-1515.1256103516,58.435722351074,26.225738525391,435000,0,4,1380.80078125,-1523.7764892578,60.564113616943,354.79281616211
19,0,0,0,0,0,0,1336.9313964844,-1578.7204589844,54.444217681885,36.62419128418,365000,0,5,1341.0511474609,-1590.1513671875,57.566982269287,356.97760009766
20,0,0,0,0,0,0,1286.6455078125,-1604.4993896484,54.824893951416,197.29341125488,217500,0,4,1229.1462402344,-1625.2846679688,54.932312011719,308.35455322266
21,0,0,0,0,0,0,1303.2377929688,-527.39733886719,71.460662841797,342.12057495117,835000,0,15,1312.2270507813,-542.69128417969,74.88809967041,6.8967566490173
22,0,0,0,0,0,0,1250.9047851563,-515.43054199219,69.349052429199,79.019554138184,520000,0,4,1258.6536865234,-523.45141601563,71.096855163574,17.956577301025
23,0,0,0,0,0,0,1265.7054443359,-457.94311523438,70.517112731934,105.58794403076,560000,0,6,1274.6768798828,-447.19140625,72.396186828613,64.85556030273
24,0,0,0,0,0,0,1046.1593017578,-498.12170410156,64.280700683594,168.53160095215,715000,0,6,1059.2034912109,-487.37780761719,68.40486907959,212.34072113037
25,0,0,0,0,0,0,1056.1395263672,-448.89996337891,66.25749206543,167.23979187012,745000,0,6,1066.0256347656,-464.51315307617,69.774253845215,9.816276550293
26,0,0,0,0,0,0,987.54217529297,-432.95361328125,64.048942565918,44.81941986084,645000,0,6,1005.3862304688,-438.20111083984,66.757835388184,30.442924499512
27,0,0,0,0,0,0,-407.22625732422,6314.2197265625,28.941368103027,34.67387008667,180000,0,4,-411.52947998047,6344.80078125,32.059349060059,99.69355773926
28,0,0,0,0,0,0,1250.7086181641,-621.0498046875,69.572059631348,23.362808227539,650000,0,6,1268.3135986328,-623.73187255859,72.440963745117,30.684715270996
29,0,0,0,0,0,0,928.87811279297,-639.72320556641,58.242473602295,143.78103637695,595000,0,4,938.92504882813,-637.19458007813,61.875179290771,48.16928863525
30,0,0,0,0,0,0,-105.6686706543,6528.6103515625,30.166921615601,132.45999145508,320000,0,4,-108.82811737061,6542.4047851563,33.009498596191,254.58534240723
31,0,0,0,0,0,0,1323.3922119141,-582.90966796875,73.246360778809,157.66499328613,835000,0,15,1337.30859375,-578.50402832031,77.116676330566,58.96182250977
32,0,0,0,0,0,0,-902.19519042969,191.52545166016,69.445999145508,282.95678710938,2150000,0,9,-922.11279296875,166.70768737793,77.602066040039,339.69607543945
33,0,0,0,0,0,0,-1536.7906494141,130.46942138672,57.371311187744,317.7099609375,8750000,0,9,-1581.5893554688,107.33052062988,69.459327697754,335.9052734375
34,0,0,0,0,0,0,-1570.4189453125,22.349193572998,59.553970336914,166.57012939453,2550000,0,8,-1545.9226074219,35.339611053467,70.470069885254,61.34618377686
35,0,0,0,0,0,0,-830.36145019531,114.73859405518,56.029754638672,278.4912109375,2800000,0,9,-844.09790039063,87.27579498291,62.84557723999,348.45193481445
36,0,0,0,0,0,0,-930.41888427734,19.417263031006,48.527233123779,40.528820037842,3150000,0,9,-911.30297851563,21.754030227661,56.893688201904,52.620849609375
37,0,0,0,0,0,0,-599.00384521484,147.72102355957,61.672718048096,0.39206323027611,249500,0,2,-596.01782226563,125.19607543945,76.446083068848,4.3191466331482
38,0,0,0,0,0,0,-1961.1409912109,211.72970581055,86.80396270752,108.39630126953,1750000,0,9,-1952.4149169922,230.40991210938,88.695083618164,102.19819641113
39,0,0,0,0,0,0,2332.7746582031,2524.2177734375,46.624931335449,111.58954620361,22500,0,11,2338.4650878906,2505.982421875,50.267723083496,24.500936508179
40,0,0,0,0,0,0,2354.828125,2541.0717773438,47.719581604004,9.934118270874,27500,0,11,2370.8994140625,2535.2807617188,49.367210388184,23.053974151611
41,0,0,0,0,0,0,-947.94464111328,567.81616210938,101.50568389893,163.24044799805,2150000,0,15,-958.55615234375,524.60705566406,102.76731872559,352.61703491211
42,0,0,0,0,0,0,-1090.0938720703,548.63439941406,103.63327789307,290.7294921875,2600000,0,15,-1042.19921875,544.30242919922,110.69590759277,17.7724609375
43,0,0,0,0,0,0,-476.5334777832,647.46771240234,144.38616943359,205.27212524414,5650000,0,8,-486.56652832031,596.93743896484,155.65869140625,348.2673034668
44,0,0,0,0,0,0,-450.91583251953,395.32049560547,104.77823638916,266.94213867188,3500000,0,15,-461.6305847168,352.16348266602,113.45934295654,342.57006835938
45,0,0,0,0,0,0,1428.6372070313,6353.4677734375,23.984996795654,272.24426269531,250,0,12,1428.3265380859,6352.6225585938,23.984996795654,336.76306152344
46,0,0,0,0,0,0,1725.5705566406,4642.3442382813,43.875499725342,318.39929199219,177500,0,5,1720.1704101563,4626.3037109375,48.293216705322,348.44372558594
47,0,0,0,0,0,0,1682.8530273438,4689.79296875,43.066341400146,90.946388244629,145000,0,4,1690.9064941406,4677.2856445313,45.850521087646,25.260593414307
48,0,0,0,0,0,0,1406.9267578125,3656.1921386719,34.430500030518,293.51428222656,99950,0,4,1392.4926757813,3673.6584472656,36.405673980713,282.29960632324
49,0,0,0,0,0,0,1774.6715087891,3742.9738769531,34.655307769775,286.49743652344,32500,0,11,1762.01171875,3743.365234375,37.35665512085,306.44296264648
50,0,0,0,0,0,0,-1996.2935791016,591.45739746094,118.1019744873,65.868087768555,1650000,0,9,-1981.3917236328,566.41638183594,132.85655212402,7.957555770874
51,0,0,0,0,0,0,-1135.9958496094,375.89050292969,71.299774169922,160.65594482422,1300000,0,8,-1186.5662841797,354.39883422852,81.616508483887,329.12463378906
52,0,0,0,0,0,0,-1192.7956542969,564.13763427734,100.33944702148,3.0153667926788,2150000,0,6,-1195.2664794922,544.51983642578,105.76403808594,362.9387512207
53,0,0,0,0,0,0,3688.0642089844,4562.9233398438,25.183048248291,95.412635803223,33750,0,5,3697.4604492188,4554.033203125,28.136932373047,11.130897521973
54,0,0,0,0,0,0,414.77157592773,-217.55018615723,59.910449981689,161.59375,1050000,0,8,531.85412597656,-192.36167907715,88.482429504395,42.43137359619
55,0,0,0,0,0,0,484.40582275391,212.75379943848,108.30947113037,71.241493225098,425000,0,3,559.58209228516,222.09951782227,117.982421875,58.36524963379
56,0,0,0,0,0,0,178.97630310059,44.399505615234,87.821884155273,17.04497718811,220000,0,1,164.09629821777,40.882709503174,91.315734863281,325.35260009766
57,0,0,0,0,0,0,97.64567565918,-256.23526000977,47.68920135498,161.24147033691,160000,0,3,90.301750183105,-241.06378173828,60.916416168213,275.65760803223
58,0,0,0,0,0,0,-229.40692138672,6445.3403320313,31.197460174561,314.38879394531,435000,0,6,-199.52262878418,6453.9936523438,35.518356323242,55.23824310303
59,0,0,0,0,0,0,-302.22720336914,6326.9931640625,32.88744354248,215.98263549805,385000,0,6,-301.83740234375,6340.7607421875,35.811233520508,116.21669006348
60,0,0,0,0,0,0,-1667.6459960938,-441.37097167969,40.356460571289,56.169540405273,1500000,0,9,-1660.2197265625,-457.98712158203,46.012474060059,4.75666809082
61,0,0,0,0,0,0,-3093.8383789063,349.35998535156,7.5411024093628,56.16675567627,1450000,0,7,-3145.8854980469,341.95294189453,17.699901580811,322.10189819336
62,0,0,0,0,0,0,-3089.3564453125,221.16107177734,14.118478775024,139.04470825195,1395000,0,7,-3095.3754882813,174.04428100586,23.489078521729,354.65939331055
63,0,0,0,0,0,0,-3017.0378417969,746.70697021484,27.780559539795,294.57244873047,2350000,0,7,-2991.150390625,778.96051025391,41.523384094238,62.98583984375
64,0,0,0,0,0,0,-2972.560546875,642.36553955078,25.992124557495,308.79751586914,2390000,0,9,-2991.6174316406,621.40576171875,33.043231964111,354.13397216797
65,0,0,0,0,0,0,-3037.2260742188,558.72552490234,7.507682800293,84.631408691406,260000,0,7,-3071.220703125,554.86285400391,9.4456663131714,317.54251098633
66,0,0,0,0,0,0,-3251.2573242188,1027.2862548828,11.757696151733,88.824409484863,690000,0,7,-3283.3757324219,1012.1139526367,19.645685195923,345.12976074219
67,0,0,0,0,0,0,3807.7375488281,4478.5161132813,6.365355014801,20.254426956177,37250,0,4,3802.3447265625,4460.9677734375,11.028670310974,342.20892333984
68,0,0,0,0,0,0,-213.61064147949,6396.1733398438,33.085037231445,214.94200134277,305000,0,4,-225.57752990723,6400.5869140625,35.851123809814,296.76879882813
69,0,0,0,0,0,0,3725.3442382813,4525.7026367188,22.470499038696,344.69345092773,22500,0,4,3739.6525878906,4549.931640625,26.744304656982,64.23803710938
